-30.000000 0.000000
-29.000000 -0.010019
-28.000000 -0.190538
-27.000000 -0.139918
-26.000000 -0.201096
-25.000000 -0.450134
-24.000000 -0.517710
-23.000000 -0.569526
-22.000000 -0.715221
-21.000000 -0.495576
-20.000000 -0.492769
-19.000000 -0.522096
-18.000000 -0.452637
-17.000000 -0.404841
-16.000000 -0.207283
-15.000000 -0.196284
-14.000000 -0.283299
-13.000000 -0.166736
-12.000000 -0.014249
-11.000000 -0.146595
-10.000000 0.106429
-9.000000 -0.061070
-8.000000 -0.231856
-7.000000 -0.224562
-6.000000 -0.403520
-5.000000 -0.425878
-4.000000 -0.294047
-3.000000 -0.351404
-2.000000 -0.381586
-1.000000 -0.514419
0.000000 0.408209
1.000000 0.978513
2.000000 0.875514
3.000000 0.924702
4.000000 0.915566
5.000000 0.979196
6.000000 1.058434
7.000000 1.078312
8.000000 1.190752
9.000000 0.979607
10.000000 1.181426
11.000000 1.126140
12.000000 1.219424
13.000000 1.114657
14.000000 1.140214
15.000000 1.095000
16.000000 1.079182
17.000000 1.125845
18.000000 0.985778
19.000000 1.049072
20.000000 1.071564
21.000000 1.154115
22.000000 1.237343
23.000000 1.465333
24.000000 1.346912
25.000000 1.199913
26.000000 1.237228
27.000000 1.178780
28.000000 1.169142
29.000000 1.167622
30.000000 1.057365
