-30.000000 0.000000
-29.000000 -0.046470
-28.000000 0.019370
-27.000000 0.104155
-26.000000 0.019099
-25.000000 0.025943
-24.000000 0.019698
-23.000000 0.060370
-22.000000 -0.108545
-21.000000 0.033560
-20.000000 -0.084440
-19.000000 -0.159088
-18.000000 -0.243430
-17.000000 -0.306730
-16.000000 -0.283980
-15.000000 -0.293942
-14.000000 -0.268293
-13.000000 -0.382198
-12.000000 -0.520499
-11.000000 -0.753266
-10.000000 -0.968032
-9.000000 -1.073869
-8.000000 -1.233482
-7.000000 -1.342631
-6.000000 -1.330770
-5.000000 -1.294326
-4.000000 -1.357167
-3.000000 -1.516805
-2.000000 -1.575766
-1.000000 -1.504983
0.000000 -1.092742
1.000000 -0.828205
2.000000 -0.602633
3.000000 -0.503102
4.000000 -0.406917
5.000000 -0.287010
6.000000 -0.262096
7.000000 -0.012759
8.000000 0.101041
9.000000 0.017909
10.000000 0.027945
11.000000 0.097969
12.000000 0.252746
13.000000 0.307068
14.000000 0.387857
15.000000 0.488502
16.000000 0.501785
17.000000 0.525658
18.000000 0.675261
19.000000 0.792363
20.000000 0.911497
21.000000 1.051327
22.000000 1.155257
23.000000 1.170469
24.000000 1.025895
25.000000 1.062551
26.000000 1.072408
27.000000 1.118991
28.000000 1.082429
29.000000 1.254510
30.000000 1.367093
