-30.000000 0.000000
-29.000000 -0.059516
-28.000000 -0.005116
-27.000000 0.187076
-26.000000 0.172355
-25.000000 0.046960
-24.000000 0.028413
-23.000000 -0.312205
-22.000000 -0.438944
-21.000000 -0.644724
-20.000000 -0.862659
-19.000000 -1.056936
-18.000000 -1.125283
-17.000000 -1.071035
-16.000000 -1.275041
-15.000000 -1.232518
-14.000000 -1.276476
-13.000000 -1.317101
-12.000000 -1.298882
-11.000000 -1.435474
-10.000000 -1.522753
-9.000000 -1.574225
-8.000000 -1.680127
-7.000000 -1.639982
-6.000000 -1.902386
-5.000000 -2.044922
-4.000000 -2.066106
-3.000000 -2.289277
-2.000000 -2.317511
-1.000000 -2.357381
0.000000 -4.033751
1.000000 -4.665348
2.000000 -4.535558
3.000000 -4.698386
4.000000 -4.762236
5.000000 -4.836663
6.000000 -4.655356
7.000000 -4.468861
8.000000 -4.209786
9.000000 -4.290848
10.000000 -4.403112
11.000000 -4.436875
12.000000 -4.415177
13.000000 -4.398425
14.000000 -4.593426
15.000000 -4.753429
16.000000 -4.908415
17.000000 -4.621520
18.000000 -4.874796
19.000000 -4.991161
20.000000 -4.820029
21.000000 -4.628042
22.000000 -4.520424
23.000000 -4.436599
24.000000 -4.483142
25.000000 -4.357890
26.000000 -4.296251
27.000000 -4.453874
28.000000 -4.629873
29.000000 -4.792800
30.000000 -4.494365
