-29.000000 0.001264
-28.000000 -0.001619
-27.000000 -0.002277
-26.000000 -0.001740
-25.000000 -0.003867
-24.000000 -0.003000
-23.000000 -0.007912
-22.000000 -0.005034
-21.000000 -0.003955
-20.000000 -0.005779
-19.000000 -0.003962
-18.000000 -0.006850
-17.000000 -0.003189
-16.000000 -0.001126
-15.000000 0.003990
-14.000000 0.004758
-13.000000 0.008252
-12.000000 0.009712
-11.000000 0.011065
-10.000000 0.013989
-9.000000 0.011049
-8.000000 0.008720
-7.000000 0.006450
-6.000000 0.007304
-5.000000 0.008034
-4.000000 0.007782
-3.000000 0.007904
-2.000000 0.004602
-1.000000 0.002767
0.000000 0.005559
1.000000 0.011650
2.000000 0.011110
3.000000 0.011547
4.000000 0.012530
5.000000 0.012291
6.000000 0.013609
7.000000 0.010125
8.000000 0.010420
9.000000 0.006762
10.000000 0.008931
11.000000 0.007471
12.000000 0.006362
13.000000 0.009834
14.000000 0.008829
15.000000 0.010454
16.000000 0.007833
17.000000 0.010161
18.000000 0.009459
19.000000 0.006715
20.000000 0.007002
21.000000 0.005963
22.000000 0.009541
23.000000 0.013197
24.000000 0.009072
25.000000 0.001230
26.000000 0.001949
27.000000 0.001588
28.000000 -0.003733
29.000000 -0.002833
30.000000 -0.005020
