-29.000000 -0.000240
-28.000000 0.000285
-27.000000 0.001301
-26.000000 -0.002785
-25.000000 -0.001257
-24.000000 -0.002450
-23.000000 -0.005597
-22.000000 -0.007997
-21.000000 -0.005749
-20.000000 -0.007424
-19.000000 -0.008222
-18.000000 -0.012185
-17.000000 -0.013340
-16.000000 -0.013795
-15.000000 -0.008578
-14.000000 -0.008570
-13.000000 -0.009820
-12.000000 -0.009569
-11.000000 -0.009573
-10.000000 -0.009806
-9.000000 -0.013424
-8.000000 -0.012038
-7.000000 -0.012841
-6.000000 -0.010136
-5.000000 -0.011300
-4.000000 -0.010604
-3.000000 -0.006385
-2.000000 -0.005889
-1.000000 -0.007420
0.000000 -0.004154
1.000000 0.001238
2.000000 0.007641
3.000000 0.005875
4.000000 0.010116
5.000000 0.009787
6.000000 0.007864
7.000000 0.010075
8.000000 0.012021
9.000000 0.011003
10.000000 0.010462
11.000000 0.009753
12.000000 0.011167
13.000000 0.014145
14.000000 0.011285
15.000000 0.010746
16.000000 0.009632
17.000000 0.006343
18.000000 0.008996
19.000000 0.009732
20.000000 0.009097
21.000000 0.010611
22.000000 0.010600
23.000000 0.011574
24.000000 0.010466
25.000000 0.010639
26.000000 0.010174
27.000000 0.008683
28.000000 0.010435
29.000000 0.015627
30.000000 0.016861
