-29.000000 -0.001873
-28.000000 -0.001286
-27.000000 0.001182
-26.000000 0.002199
-25.000000 0.001954
-24.000000 -0.000101
-23.000000 0.000593
-22.000000 0.003123
-21.000000 0.008116
-20.000000 0.005213
-19.000000 0.005379
-18.000000 0.004273
-17.000000 0.002254
-16.000000 -0.001885
-15.000000 -0.002014
-14.000000 -0.004836
-13.000000 -0.003310
-12.000000 -0.005247
-11.000000 -0.001253
-10.000000 -0.006130
-9.000000 -0.008078
-8.000000 -0.008893
-7.000000 -0.009493
-6.000000 -0.014438
-5.000000 -0.016525
-4.000000 -0.016140
-3.000000 -0.017447
-2.000000 -0.019756
-1.000000 -0.021274
0.000000 -0.040272
1.000000 -0.047349
2.000000 -0.044041
3.000000 -0.046214
4.000000 -0.047878
5.000000 -0.046823
6.000000 -0.044269
7.000000 -0.044685
8.000000 -0.044874
9.000000 -0.040385
10.000000 -0.040948
11.000000 -0.043056
12.000000 -0.045322
13.000000 -0.044737
14.000000 -0.043036
15.000000 -0.046098
16.000000 -0.049252
17.000000 -0.046287
18.000000 -0.045702
19.000000 -0.048841
20.000000 -0.050918
21.000000 -0.050051
22.000000 -0.046953
23.000000 -0.046685
24.000000 -0.052563
25.000000 -0.052012
26.000000 -0.054377
27.000000 -0.054964
28.000000 -0.060644
29.000000 -0.062639
30.000000 -0.058609
